1144.100
1142.400
1141.700
1142.200
1137.800
1138.000
1137.600
1138.400
1138.900
1138.700
1139.200
1139.200
1138.300
1138.600
1137.900
1138.600
1138.500
1138.300
1137.900
1134.800
1134.500
1134.200
1134.000
1134.400
1134.600
1134.700
1134.800
1135.900
1135.000
1134.400
1133.900
1134.400
1135.000
1134.700
1134.300
1133.900
1134.500
1135.000
1135.100
1134.500
1134.600
1134.700
1134.700
1135.200
1135.000
1135.200
1135.000
1135.000
1135.200
1131.500
1131.500
1131.400
1131.300
1131.400
1132.500
1131.800
1132.500
1114.100
1131.400
1131.700
1132.200
1132.500
1132.800
1132.300
1127.900
1128.500
1128.200
1127.300
1126.900
1126.800
1127.600
1127.800
1128.300
1127.900
1128.000
1128.400
1128.100
1128.300
1127.800
1126.400
1127.100
1126.500
1127.200
1127.000
1127.200
1127.600
1127.800
1128.100
1127.800
1127.400
1127.400
1126.500
1126.000
1125.800
1121.900
1122.800
1122.500
1122.700
1123.800
1123.500
1123.900
1123.200
1123.200
1122.800
1122.900
1123.600
1122.600
1123.200
1123.500
1120.700
1120.000
1120.400
1120.400
1120.800
1120.900
1121.900
1121.400
1120.700
1120.900
1121.100
1121.900
1122.100
1121.900
1122.400
1117.000
1116.600
1116.200
1116.200
1115.700
1116.500
1116.500
1115.800
1115.700
1116.300
1117.000
1118.200
1119.400
1118.700
1117.400
1113.000
1113.600
1113.300
1113.300
1113.200
1113.400
1114.300
1130.400
1114.100
1113.400
1112.700
1112.900
1113.300
1114.600
1114.400
1111.700
1111.000
1110.200
1109.900
1109.800
1111.500
1110.700
1111.300
1110.600
1111.200
1111.300
1111.000
1110.900
1110.500
1110.900
1106.100
1105.400
1105.000
1105.600
1106.800
1106.700
1106.500
1106.600
1107.200
1107.000
1106.500
1107.100
1107.000
1116.600
1107.200
1102.600
1101.900
1103.200
1104.100
1103.500
1103.000
1103.800
1102.800
1102.300
1102.900
1102.600
1102.700
1102.600
1102.900
1103.700
1099.900
1100.100
1098.600
1098.900
1098.600
1098.200
1098.100
1098.400
1099.300
1098.500
1098.900
1098.800
1098.800
1099.600
1099.800
1097.500
1097.000
1096.400
1096.300
1096.500
1096.600
1095.900
1096.100
1096.400
1097.900
1098.400
1097.100
1096.700
1095.700
1095.700
1095.200
1094.700
1094.000
1093.700
1092.600
1093.100
1092.900
1093.100
1093.000
1094.800
1094.000
1093.800
1095.700
1094.900
1094.500
1096.000
1097.100
1095.600
1095.200
1095.300
1096.200
1095.200
1095.000
1095.500
1095.600
1095.100
1095.000
1094.200
1094.400
1094.500
1094.900
1091.600
1092.000
1092.600
1092.500
1092.500
1092.300
1092.200
1091.700
1092.000
1091.900
1093.200
1093.700
1093.200
1092.300
1091.500
1092.300
1092.300
1092.400
1091.200
1092.000
1092.200
1091.400
1091.300
1091.700
1091.800
1091.700
1091.700
1091.600
1091.800
1092.700
1090.900
1091.200
1091.600
1091.900
1091.700
1090.800
1091.400
1092.700
1091.500
1092.200
1091.900
1091.900
1091.300
1091.400
1092.400
1092.200
1093.000
1093.100
1092.800
1093.300
1092.900
1105.000
1092.200
1092.000
1091.400
1092.100
1091.200
1091.800
1091.600
1092.300
1092.600
1093.300
1093.100
1091.600
1091.600
1090.900
1090.900
1092.100
1092.300
1091.700
1091.100
1091.300
1090.800
1090.700
1091.300
1092.500
1092.700
1091.100
1091.700
1091.900
1092.200
1093.100
1091.500
1091.400
1092.000
1091.100
1092.400
1092.500
1092.800
1092.200
1092.800
1093.200
1092.900
1092.800
1092.700
1092.000
1092.000
1092.000
1092.300
1092.900
1092.000
1092.000
1093.000
1092.200
1091.700
1091.300
1091.800
1091.700
1092.400
1092.500
1092.600
1092.400
1093.400
1092.500
1090.900
1092.100
1091.500
1091.600
1092.300
1091.000
1090.700
1090.100
1090.300
1091.100
1091.700
1091.800
1091.000
1089.900
1090.600
1090.800
1091.400
1092.000
1091.900
1092.300
1092.200
1091.400
1093.700
1093.700
1093.800
1094.300
1093.900
1094.100
1093.800
1093.700
1094.300
1092.900
1092.500
1092.100
1091.400
1091.900
1092.600
1092.800
1093.100
1093.800
1094.400
1094.000
1094.500
1094.100
1093.300
1093.000
1092.200
1092.200
1092.400
1093.300
1094.300
1093.200
1093.500
1092.800
1093.300
1093.300
1092.200
1093.300
1093.000
1092.800
1092.400
1092.400
1093.100
1093.100
1093.400
1093.600
1093.600
1093.000
1092.000
1092.900
1092.600
1093.300
1093.300
1093.000
1093.100
1094.100
1094.700
1094.000
1093.500
1093.900
1117.200
1093.400
1093.300
1093.400
1092.800
1091.900
1091.200
1091.300
1091.700
1092.100
1093.600
1094.000
1093.100
1093.300
1093.000
1092.800
1093.600
1094.000
1093.600
1094.300
1093.300
1093.400
1095.100
1094.600
1095.100
1094.600
1094.500
1094.100
1093.800
1093.300
1093.700
1091.800
1092.300
1092.900
1092.900
1092.400
1092.600
1092.300
1092.800
1091.500
1091.600
1090.700
1090.400
1091.900
1092.600
1092.000
1089.600
1088.200
1088.900
1091.000
1091.100
1090.600
1090.900
1089.800
1090.000
1090.300
1090.400
1090.900
1091.000
1091.300
1090.600
1090.100
1090.800
1089.800
1089.200
1090.100
1089.800
1090.500
1116.000
1090.600
1090.300
1090.200
1090.800
1090.100
1089.400
1089.200
1088.500
1087.600
1088.300
1088.000
1088.900
1087.300
1087.300
1086.800
1086.900
1087.700
1087.900
1088.000
1088.100
1088.300
1087.800
1085.800
1086.200
1086.300
1086.400
1086.400
1059.900
1086.700
1086.200
1085.600
1117.500
1089.300
1089.200
1089.700
1090.200
1090.300
1089.200
1090.000
1090.300
1090.000
1089.600
1090.000
1090.000
1089.100
1089.300
1089.700
1089.200
1089.500
1088.800
1090.000
1090.600
1089.500
1089.600
1088.000
1087.800
1088.200
1087.900
1088.900
1090.200
1089.100
1088.600
1089.000
1090.000
1089.000
1089.200
1090.300
1088.000
1087.400
1087.500
1087.500
1088.300
1088.500
1087.400
1088.000
1087.800
1088.800
1088.200
1087.900
1088.400
1088.800
1088.900
1086.600
1087.200
1086.600
1087.000
1086.200
1086.900
1086.600
1086.100
1086.900
1087.200
1086.900
1087.900
1087.400
1087.300
1087.500
1086.400
1086.700
1086.400
1086.200
1087.200
1086.300
1085.000
1086.600
1088.100
1087.300
1078.700
1086.000
1086.000
1086.200
1085.700
1085.400
1085.800
1084.900
1085.600
1086.800
1086.400
1085.900
1085.700
1086.100
1084.900
1085.300
1085.200
1086.500
1086.000
1086.900
1078.200
1084.700
1084.700
1084.000
1084.200
1084.900
1084.500
1083.400
1083.700
1083.400
1083.500
1083.800
1083.000
1082.500
1083.500
1083.100
1081.900
1063.300
1083.600
1083.300
1082.700
1083.700
1084.000
1085.400
1085.000
1084.800
1084.300
1084.700
1084.700
1085.100
1082.600
1082.100
1081.800
1082.400
1083.200
1082.500
1082.100
1082.300
1082.100
1082.700
1081.100
1081.000
1081.000
1080.100
1080.300
1080.400
1080.900
1076.600
1081.900
1081.400
1081.600
1082.400
1081.700
1081.300
1081.900
1081.800
1082.300
1082.200
1082.500
1081.700
1082.700
1082.700
1086.100
1085.500
1086.500
1086.500
1086.100
1086.400
1087.300
1085.800
1085.400
1085.500
1082.800
1087.100
1087.500
1087.000
1086.400
1087.100
1087.200
1087.600
1087.400
1087.500
1087.500
1087.900
1088.100
1086.900
1085.700
1086.900
1087.800
1087.000
1087.200
1087.800
1088.600
1089.600
1089.500
1088.900
1088.200
1088.300
1088.200
1087.700
1089.300
1090.000
1090.100
1088.900
1089.300
1089.200
1089.100
1089.600
1089.500
1089.500
1089.400
1089.200
1087.800
1088.100
1087.900
1087.300
1088.700
1089.600
1089.900
1089.500
1088.800
1088.300
1088.000
1087.100
1087.500
1087.500
1086.700
1086.900
1087.000
1108.400
1088.400
1088.000
1087.900
1087.700
1087.500
1087.600
1087.700
1087.500
1087.000
1087.800
1088.200
1087.100
1085.400
1088.300
1088.900
1089.200
1088.800
1088.100
1087.500
1087.900
1087.800
1088.500
1088.900
1088.300
1087.400
1087.300
1087.600
1087.500
1110.100
1087.600
1087.400
1087.100
1087.600
1087.400
1087.700
1088.700
1087.900
1087.900
1089.000
1088.100
1087.000
1086.500
1087.300
1087.800
1088.000
1089.000
1087.200
1088.000
1089.100
1088.200
1088.000
1087.700
1087.400
1087.600
1088.800
1089.700
1089.000
1089.900
1089.300
1090.000
1089.300
1089.000
1089.000
1090.600
1090.200
1089.300
1089.600
1088.900
1088.500
1089.000
1088.900
1088.900
1088.800
1088.900
1089.000
1087.700
1088.400
1087.900
1087.300
1087.800
1088.500
1088.200
1089.000
1088.200
1088.200
1088.100
1063.700
1088.800
1088.200
1088.900
1089.500
1088.400
1087.700
1088.400
1084.600
1088.500
1088.700
1089.000
1089.600
1086.900
1088.100
1087.900
1088.500
1089.500
1089.100
1087.600
1087.100
1087.400
1087.700
1088.000
1088.600
1088.700
1089.500
1089.000
1088.600
1089.100
1088.300
1088.900
1089.100
1089.100
1090.100
1089.400
1090.600
1089.900
1088.900
1089.000
1088.400
1088.300
1088.900
1089.300
1088.900
1089.600
1090.100
1090.600
1090.300
1090.700
1089.000
1088.900
1088.500
1088.800
1087.900
1088.100
1089.400
1088.900
1089.000
1088.700
1088.600
1088.600
1088.800
1089.400
1090.000
1089.600
1089.500
1088.400
1088.400
1088.500
1079.200
1088.600
1088.900
1088.800
1089.200
1088.900
1088.300
1088.400
1086.500
1087.300
1085.400
1094.500
1086.700
1087.500
1085.600
1085.500
1086.700
1086.400
1087.800
1087.300
1087.200
1087.900
1087.400
1086.500
1104.900
1086.400
1085.700
1085.900
1085.700
1091.700
1085.100
1084.900
1084.900
1085.100
1085.400
1084.700
1084.200
1085.200
1084.900
1084.100
1084.700
1085.100
1084.200
1084.700
1084.500
1084.600
1084.900
1083.800
1084.200
1084.000
1083.900
1084.500
1085.300
1086.000
1086.100
1085.300
1085.100
1085.200
1084.900
1084.000
1084.300
1084.000
1083.400
1083.200
1083.700
1083.700
1083.800
1084.100
1083.700
1084.100
1084.100
1083.200
1084.200
1083.600
1082.400
1082.200
1077.900
1082.600
1082.700
1082.800
1083.400
1083.600
1083.700
1083.800
1084.000
1082.500
1082.600
1081.600
1082.300
1082.200
1083.100
1073.600
1068.800
1083.800
1084.100
1083.600
1098.000
1084.300
1083.800
1084.200
1084.400
1083.600
1084.200
1084.500
1083.700
1083.000
1082.600
1082.500
1083.100
1082.500
1083.000
1082.400
1082.500
1082.900
1084.400
1083.100
1084.000
1083.800
1083.800
1105.900
1084.000
1083.700
1084.500
1083.800
1084.400
1083.600
1083.500
1082.900
1083.400
1084.300
1083.900
1083.600
1082.900
1083.000
1082.200
1082.100
1082.800
1083.800
1085.300
1084.200
1084.800
1084.400
1083.900
1084.000
1083.800
1083.700
1083.400
1082.600
1082.000
1081.300
1081.300
1081.100
1081.400
1082.000
1082.000
1081.500
1082.400
1083.100
1082.800
1083.000
1083.200
1083.300
1083.100
1082.900
1082.700
1081.600
1082.100
1081.100
1080.900
1082.000
1082.300
1083.000
1082.300
1081.400
1081.400
1081.500
1081.700
1082.300
1081.900
1082.000
1082.400
1082.800
1082.800
1082.400
1082.400
1082.400
1082.400
1083.600
1083.200
1082.900
1081.600
1081.500
1081.900
1081.800
1083.000
1081.300
1082.000
1081.800
1081.600
1081.400
1081.300
1082.300
1054.200
1079.600
1080.000
1080.500
1081.200
1081.500
1081.200
1097.700
1083.600
1083.300
1083.600
1083.400
1082.700
1083.100
1083.000
1054.200
1083.600
1081.700
1081.200
1081.100
1081.500
1081.800
1081.200
1080.700
1080.700
1082.700
1083.500
1082.700
1082.300
1081.500
1080.600
1081.100
1080.900
1081.300
1080.700
1080.800
1081.400
1081.900
1083.400
1082.600
1083.400
1082.900
1083.400
1095.300
1082.500
1082.600
1083.100
1083.600
1085.100
1086.000
1100.300
1085.600
1085.800
1087.700
1088.300
1086.700
1085.900
1086.900
1085.900
1085.200
1085.300
1085.900
1085.900
1085.600
1085.400
1085.300
1085.100
1086.900
1085.300
1085.500
1084.900
1084.700
1084.300
1082.800
1082.700
1082.400
1082.000
1082.300
1084.000
1084.300
1085.200
1085.200
1085.500
1085.600
1085.900
1086.300
1085.700
1086.000
1079.200
1085.700
1085.000
1084.600
1085.100
1085.500
1085.100
1085.300
1085.800
1086.100
1088.100
1088.300
1087.300
1088.100
1087.400
1087.800
1087.500
1087.100
1085.900
1086.200
1085.600
1086.700
1087.700
1086.900
1087.100
1084.900
1084.600
1085.300
1085.200
1086.300
1085.500
1086.000
1085.700
1086.000
1085.400
1085.300
1085.200
1084.700
1085.300
1085.600
1089.400
1090.100
1120.000
1089.600
1089.500
1088.800
1088.800
1088.500
1089.500
1089.500
1089.100
1089.700
1088.000
1087.100
1088.300
1090.500
1090.700
1090.000
1090.300
1091.700
1091.800
1091.500
1090.900
1090.600
1089.400
1090.100
1090.900
1089.900
1089.800
1089.500
1090.500
1091.100
1090.200
1091.200
1091.900
1091.700
1090.300
1090.300
1091.700
1090.100
1090.600
1090.400
1091.400
1091.200
1091.700
1092.800
1093.800
1101.200
1093.200
1092.100
1093.000
1092.400
1092.100
1092.300
1091.500
1092.100
1092.900
1092.900
1091.900
1092.100
1108.900
1092.000
1091.800
1092.800
1093.100
1093.300
1094.300
1094.100
1094.100
1095.300
1094.300
1093.300
1093.500
1093.600
1093.100
1092.400
1094.000
1093.800
1092.700
1093.200
1092.900
1092.700
1093.000
1092.100
1092.500
1093.700
1093.600
1093.000
1092.600
1092.400
1092.800
1092.700
1093.400
1092.300
1093.100
1092.900
1093.200
1092.500
1093.500
1094.100
1094.300
1092.900
1093.500
1093.600
1092.400
1093.400
1093.800
1094.100
1094.100
1094.100
1094.900
1095.200
1092.900
1093.100
1093.200
1092.400
1093.000
1094.100
1093.300
1093.700
1093.800
1093.600
1094.800
1094.300
1094.600
1093.400
1094.900
1095.100
1094.700
1094.900
1093.900
1094.800
1094.400
1094.300
1094.100
1094.000
1094.600
1094.700
1095.000
1094.800
1095.000
1094.600
1095.900
1094.400
1095.200
1095.700
1094.800
1096.000
1096.000
1096.000
1095.100
1094.600
1094.300
1094.500
1095.200
1094.900
1094.100
1094.600
1095.000
1095.100
1095.200
1094.600
1093.900
1093.500
1092.800
1093.600
1093.900
1093.800
1092.200
1092.300
1093.800
1093.600
1094.100
1093.300
1094.600
1094.400
1094.500
1095.800
1096.100
1095.200
1095.000
1094.700
1095.100
1094.900
1094.600
1095.600
1095.200
1096.400
1095.800
1096.500
1096.000
1096.100
1095.200
1094.500
1094.900
1094.700
1094.500
1093.600
1093.000
1092.500
1092.100
1092.900
1094.000
1094.000
1092.700
1093.100
1093.400
1094.900
1093.700
1093.600
1093.800
1093.700
1093.800
1093.500
1093.500
1093.800
1093.000
1093.500
1092.500
1092.900
1093.100
1092.700
1092.800
1092.500
1092.100
1092.100
1091.700
1092.400
1091.900
1092.700
1092.000
1092.000
1092.000
1093.100
1093.200
1092.900
1094.000
1092.600
1093.000
1094.400
1093.800
1093.600
1093.800
1094.100
1092.600
1091.900
1092.500
1092.400
1093.500
1093.200
1092.100
1091.800
1090.700
1091.600
1092.100
1099.600
1092.800
1093.500
1093.100
1091.700
1092.500
1092.900
1093.000
1093.500
1092.500
1093.800
1092.800
1093.200
1092.000
1091.800
1093.700
1093.400
1093.900
1093.900
1093.600
1094.300
1093.800
1092.600
1092.400
1093.100
1093.500
1092.500
1092.400
1092.500
1092.600
1092.000
1092.200
1092.200
1093.100
1093.700
1093.400
1093.100
1093.300
1092.800
1092.300
1092.100
1092.200
1092.000
1092.600
1093.300
1092.400
1092.800
1092.900
1093.300
1093.300
1092.500
1092.100
1092.600
1093.500
1092.100
1092.800
1093.800
1093.500
1093.800
1093.200
1093.100
1092.200
1091.200
1092.600
1092.300
1092.400
1091.900
1091.600
1092.200
1092.200
1092.800
1093.300
1093.500
1093.500
1094.400
1091.800
1091.700
1092.400
1092.900
1091.600
1091.500
1092.400
1092.400
1092.300
1092.000
1091.600
1091.900
1091.700
1091.700
1091.800
1091.800
1092.300
1094.000
1092.200
1092.400
1091.900
1092.400
1092.300
1092.700
1093.200
1092.900
1093.300
1091.500
1092.700
1092.700
1095.800
1094.700
1094.200
1094.600
1094.600
1094.900
1095.500
1094.200
1095.000
1094.900
1094.800
1093.900
1094.600
1093.200
1094.300
1093.100
1093.600
1093.800
1094.700
1094.500
1094.000
1093.800
1094.800
1094.900
1094.500
1094.300
1093.400
1094.000
1093.100
1094.000
1093.800
1095.300
1094.100
1094.000
1094.800
1095.100
1094.100
1094.100
1093.900
1094.000
1093.500
1093.500
1092.600
1093.100
1093.600
1093.200
1092.300
1093.300
1093.500
1093.000
1093.000
1092.300
1092.100
1092.300
1093.400
1093.000
1093.500
1093.200
1093.400
1093.300
1094.600
1094.100
1093.100
1092.700
1092.900
1092.600
1093.400
1093.400
1095.100
1093.700
1093.900
1093.300
1093.300
1093.700
1092.500
1092.000
1093.400
1092.900
1093.000
1093.600
1093.200
1092.700
1091.400
1092.300
1092.400
1092.000
1092.400
1092.200
1092.100
1092.700
1092.200
1093.200
1092.300
1092.200
1093.700
1082.300
1093.800
1092.900
1092.700
1092.900
1093.000
1093.000
1093.000
1092.900
1092.100
1093.300
1094.200
1093.400
1093.600
1093.400
1093.700
1093.700
1094.800
1094.800
1093.800
1094.400
1093.800
1093.600
1094.000
1093.800
1094.300
1093.700
1093.500
1093.300
1093.200
1094.200
1094.500
1095.300
1096.200
1094.700
1094.500
1093.600
1093.300
1093.200
1092.900
1093.800
1094.300
1093.900
1094.900
1094.400
1096.400
1095.600
1095.500
1094.600
1095.800
1096.200
1096.000
1094.800
1095.100
1094.400
1097.100
1097.400
1097.200
1095.500
1095.400
1096.300
1097.100
1097.600
1096.300
1096.600
1097.200
1096.000
1096.300
1096.600
1096.400
1095.100
1095.400
1095.500
1095.700
1095.600
1095.600
1095.900
1096.300
1096.100
1095.900
1096.100
1095.100
1095.800
1096.000
1096.100
1096.500
1095.100
1094.300
1095.100
1095.500
1095.800
1095.600
1096.100
1096.600
1096.700
1096.200
1094.900
1097.100
1097.900
1098.000
1096.200
1096.600
1097.000
1097.700
1096.600
1096.300
1096.800
1096.600
1095.800
1096.200
1096.600
1096.500
1096.600
1096.300
1097.200
1094.800
1094.400
1094.600
1095.200
1094.100
1093.600
1092.800
1093.600
1093.400
1093.700
1094.500
1094.200
1094.600
1094.500
1095.000
1096.900
1096.300
1096.300
1097.000
1097.000
1096.000
1096.600
1095.900
1097.000
1097.400
1097.200
1097.000
1096.700
1097.000
1096.600
1101.100
1101.500
1100.900
1100.500
1100.000
1099.700
1099.100
1100.200
1101.500
1102.100
1100.700
1101.200
1101.900
1101.200
1101.100
1099.400
1100.000
1099.500
1100.000
1099.300
1100.000
1100.800
1100.200
1099.600
1098.700
1099.200
1099.400
1098.900
1099.800
1099.800
1099.900
1100.000
1101.000
1101.400
1101.100
1101.400
1100.500
1100.700
1100.900
1100.700
1101.000
1100.500
1101.000
1101.300
1099.500
1102.300
1100.600
1101.000
1102.200
1102.200
1101.400
1101.200
1102.400
1101.300
1102.500
1102.500
1101.800
1101.700
1101.400
1102.400
1103.100
1101.900
1102.000
1101.800
1102.900
1102.000
1103.300
1103.000
1102.200
1102.000
1101.800
1101.400
1102.000
1101.600
1100.700
1100.900
1100.400
1100.700
1100.800
1100.900
1102.600
1102.500
1102.600
1101.400
1101.400
1101.900
1101.400
1102.300
1101.600
1101.700
1100.500
1100.900
1100.600
1100.700
1100.800
1100.500
1101.100
1101.300
1101.200
1100.900
1101.500
1098.800
1101.000
1101.200
1102.200
1101.700
1102.200
1101.000
1101.400
1102.600
1103.200
1103.000
1102.500
1102.500
1102.400
1087.200
1102.000
1102.300
1101.900
1101.700
1101.900
1102.600
1103.200
1103.300
1103.800
1103.600
1103.700
1103.700
1103.400
1095.400
1104.400
1103.600
1103.100
1103.400
1103.400
1102.500
1103.700
1103.600
1102.900
1103.800
1104.100
1103.100
1104.300
1104.400
1104.000
1104.700
1104.300
1104.000
1103.400
1103.800
1103.900
1104.100
1103.500
1103.700
1103.700
1103.000
1102.400
1103.300
1102.000
1102.800
1102.900
1104.100
1103.700
1104.100
1103.800
1103.900
1106.100
1105.700
1106.300
1105.400
1105.700
1106.300
1106.400
1107.300
1106.200
1105.200
1104.800
1105.500
1105.900
1105.900
1105.100
1107.100
1106.300
1107.300
1108.900
1108.400
1108.200
1107.400
1106.200
1106.200
1105.800
1105.400
1107.100
1107.200
1107.400
1107.000
1107.200
1107.800
1107.500
1107.700
1107.400
1107.100
1106.300
1105.500
1106.000
1106.500
1106.000
1106.500
1106.800
1105.700
1105.800
1108.000
1108.500
1107.900
1108.300
1109.000
1109.400
1109.000
1108.600
1108.300
1108.700
1108.800
1109.100
1109.000
1109.400
1109.200
1110.900
1111.100
1110.300
1109.100
1110.500
1110.500
1109.300
1109.200
1110.100
1109.900
1109.700
1110.700
1109.900
1109.500
1126.500
1107.600
1107.900
1108.300
1108.100
1108.200
1107.800
1107.700
1119.200
1107.800
1108.200
1108.300
1108.000
1107.400
1107.500
1107.500
1106.300
1107.500
1106.700
1106.700
1107.200
1106.800
1108.000
1107.000
1106.900
1106.200
1106.000
1106.200
1110.200
1110.200
1110.800
1110.800
1110.400
1112.000
1111.500
1110.600
1110.100
1109.600
1110.400
1110.100
1110.300
1110.200
1110.700
1110.000
1109.500
1109.900
1109.100
1109.300
1108.700
1109.200
1108.700
1108.500
1108.100
1109.200
1109.500
1109.600
1110.100
1111.300
1109.400
1108.800
1108.500
1109.000
1108.700
1109.000
1108.600
1109.300
1109.500
1109.900
1110.200
1110.400
1110.000
1111.200
1110.800
1109.300
1108.900
1108.200
1111.100
1111.400
1111.300
1112.800
1112.800
1112.900
1112.000
1111.400
1111.700
1111.900
1110.900
1111.200
1111.500
1111.600
1111.300
1111.400
1111.600
1111.900
1112.400
1112.900
1112.500
1112.100
1112.400
1112.700
1112.200
1112.700
1113.100
1113.500
1114.000
1112.800
1114.300
1114.100
1114.000
1113.600
1112.800
1113.300
1113.100
1113.500
1113.200
1112.800
1113.400
1113.700
1114.100
1115.300
1114.900
1114.500
1113.500
1112.700
1114.000
1113.300
1112.800
1113.000
1113.200
1112.800
1112.900
1113.900
1113.300
1112.600
1113.500
1113.800
1113.100
1112.300
1112.200
1112.600
1113.600
1112.900
1113.000
1113.500
1112.100
1113.200
1112.500
1113.100
1113.300
1105.000
1114.100
1115.300
1115.300
1115.800
1115.900
1116.300
1116.800
1117.000
1116.600
1115.400
1115.500
1116.100
1115.500
1116.200
1116.800
1116.700
1120.800
1120.700
1122.500
1122.100
1121.100
1122.300
1122.400
1123.000
1123.000
1123.000
1123.000
1123.200
1124.200
1124.100
1122.500
1123.200
1123.800
1124.100
1123.400
1089.800
1124.100
1121.500
1120.100
1119.500
1119.200
1118.900
1118.500
1117.200
1117.700
1114.100
1119.700
1121.100
1120.800
1121.400
1121.100
1121.300
1121.100
1121.600
1121.200
1121.100
1121.100
1120.600
1120.800
1118.600
1121.100
1123.500
1124.000
1124.200
1123.600
1121.900
1122.500
1121.300
1122.800
1122.900
1123.400
1122.600
1121.800
1122.300
1122.500
1122.300
1123.600
1125.300
1125.200
1125.300
1125.200
1125.500
1124.800
1123.200
1123.300
1124.000
1123.400
1123.400
1123.200
1124.300
1124.600
1126.700
1126.700
1126.400
1126.300
1125.400
1124.300
1125.000
1125.500
1126.400
1127.100
1127.500
1126.300
1125.900
1126.200
1127.500
1129.400
1129.300
1128.400
1127.500
1128.000
1127.100
1127.100
1127.200
1128.300
1127.800
1126.200
1127.000
1126.800
1127.100
1127.200
1127.800
1128.400
1127.400
1127.400
1128.100
1127.700
1126.900
1127.800
1128.600
1128.400
1127.100
1127.900
1127.000
1127.600
1127.300
1127.700
1127.900
1128.200
1128.100
1128.800
1128.600
1129.300
1129.300
1108.200
1128.300
1127.500
1128.300
1128.300
1127.100
1127.500
1127.300
1128.800
1127.800
1127.300
1128.500
1129.400
1128.700
1128.300
1128.800
1127.400
1126.800
1127.400
1128.800
1128.500
1128.600
1129.500
1130.500
1129.500
1129.200
1130.100
1128.700
1129.400
1128.600
1128.700
1128.600
1128.100
1127.800
1128.400
1129.100
1128.900
1129.300
1129.600
1128.800
1129.400
1129.800
1131.100
1130.100
1129.500
1129.800
1130.100
1129.400
1129.100
1129.400
1128.800
1127.400
1128.700
1129.400
1128.800
1127.800
1127.100
1127.100
1127.000
1127.700
1127.500
1127.600
1127.700
1127.900
1104.200
1129.400
1129.200
1129.700
1129.500
1129.800
1130.100
1129.400
1129.600
1128.500
1129.100
1129.800
1129.600
1130.800
1129.900
1130.000
1129.900
1129.800
1131.200
1131.300
1131.800
1132.400
1132.000
1132.200
1131.400
1131.800
1131.200
1131.800
1132.900
1132.200
1130.600
1130.500
1131.500
1132.800
1132.800
1133.200
1133.200
1133.600
1133.600
1134.000
1133.600
1133.600
1133.000
1132.400
1133.400
1133.100
1133.300
1133.000
1132.800
1132.800
1133.600
1133.600
1132.300
1132.300
1133.600
1133.100
1131.900
1133.400
1133.500
1133.200
1132.800
1133.400
1132.800
1134.400
1134.400
1134.300
1134.100
1133.800
1134.400
1133.600
1132.700
1133.400
1133.900
1134.100
1134.200
1133.800
1134.200
1134.000
1134.300
1134.200
1135.500
1134.000
1134.500
1133.500
1133.800
1133.800
1132.800
1133.700
1133.700
1132.800
1133.900
1135.000
1135.700
1159.600
1135.400
1135.900
1136.500
1136.500
1135.200
1135.200
1162.900
1134.000
1134.600
1136.000
1135.900
1136.300
1135.800
1135.300
1136.900
1135.300
1134.800
1135.800
1136.400
1135.500
1136.000
1135.700
1135.800
1135.900
1136.300
1136.000
1136.600
1136.300
1136.300
1136.500
1137.800
1137.600
1137.600
1136.200
1135.800
1136.800
1136.800
1135.600
1136.600
1136.200
1137.200
1136.800
1136.800
1137.400
1136.200
1135.600
1135.700
1136.400
1135.500
1134.800
1135.900
1135.200
1135.200
1134.300
1134.500
1135.000
1135.800
1135.400
1136.500
1136.100
1135.700
1136.700
1136.600
1136.000
1136.000
1136.800
1137.400
1139.500
1136.200
1136.200
1135.500
1135.700
1135.800
1136.600
1137.500
1136.900
1136.600
1136.900
1136.400
1136.700
1136.600
1135.900
1135.600
1136.800
1136.500
1137.500
1136.800
1136.800
1138.100
1137.000
1135.700
1136.800
1136.200
1136.400
1136.100
1136.400
1135.900
1136.100
1136.600
1136.000
1137.300
1135.900
1135.300
1135.600
1136.900
1136.900
1136.900
1137.100
1136.800
1137.500
1138.300
1137.700
1137.900
1137.500
1137.700
1154.900
1138.400
1137.000
1137.400
1139.400
1139.000
1139.500
1138.800
1137.900
1138.300
1137.400
1137.800
1138.900
1137.700
1137.300
1137.300
1137.800
1138.000
1139.100
1140.600
1140.600
1140.400
1140.400
1139.600
1140.200
1139.400
1140.100
1140.700
1140.500
1140.100
1140.200
1138.400
1139.100
1139.300
1140.000
1140.500
1140.400
1139.700
1139.800
1140.100
1140.200
1140.300
1140.900
1140.000
1140.200
1141.000
1139.700
1140.000
1139.800
1140.800
1140.500
1140.700
1142.100
1141.000
1140.500
1140.100
1141.600
1141.200
1141.300
1141.100
1140.600
1140.800
1142.500
1142.900
1142.400
1142.600
1141.900
1140.900
1142.000
1142.700
1143.000
1142.400
1142.100
1142.500
1142.600
1142.100
1141.100
1141.600
1142.400
1143.100
1143.700
1143.800
1144.200
1144.500
1143.700
1142.700
1142.700
1143.600
1143.300
1143.000
1142.200
1143.800
1144.200
1144.400
1143.900
1143.800
1143.200
1143.000
1142.700
1144.300
1144.000
1143.300
1143.400
1142.500
1143.500
1142.900
1143.100
1143.600
1143.500
1144.200
1144.100
1143.900
1143.500
1143.300
1144.400
1144.100
1143.500
1143.300
1144.100
1144.400
1144.500
1144.000
1144.200
1143.700
1143.300
1143.900
1144.300
1143.400
1142.900
1143.200
1144.300
1142.800
1143.200
1142.500
1142.500
1142.700
1142.700
1142.700
1143.000
1144.100
1143.400
1144.400
1144.900
1145.300
1144.100
1144.500
1145.000
1144.200
1144.400
1144.400
1145.600
1146.400
1144.700
1146.200
1146.000
1146.400
1146.600
1145.600
1145.900
1145.700
1146.000
1145.900
1146.500
1146.200
1145.800
1146.400
1146.400
1146.500
1145.700
1145.500
1145.400
1145.200
1146.000
1146.600
1146.300
1147.000
1147.400
1147.000
1146.100
1147.000
1146.600
1146.400
1146.100
1145.500
1144.800
1145.700
1145.300
1147.400
1146.200
1145.400
1145.900
1146.900
1146.600
1146.700
1145.300
1145.200
1144.900
1144.200
1145.000
1144.600
1144.500
1145.000
1145.100
1145.900
1146.300
1146.900
1147.200
1147.600
1147.200
1147.100
1147.200
1147.000
1146.600
1146.300
1145.900
1147.100
1147.000
1146.700
1146.500
1158.700
1147.100
1147.100
1146.600
1147.300
1146.900
1146.200
1147.200
1146.800
1146.700
1146.900
1148.600
1148.400
1147.600
1148.100
1147.800
1149.000
1148.700
1147.100
1147.700
1149.000
1149.600
1150.100
1148.700
1149.000
1148.200
1148.200
1147.400
1147.300
1147.200
1148.000
1148.500
1148.500
1146.000
1146.100
1145.800
1146.600
1147.300
1147.700
1146.800
1145.100
1143.900
1145.500
1145.400
1145.100
1146.400
1146.900
1146.500
1146.000
1145.900
1146.000
1146.900
1146.700
1146.800
1147.100
1145.900
1146.200
1145.900
1144.300
1143.600
1143.800
1144.900
1145.300
1145.600
1146.800
1145.600
1145.700
1145.900
1145.400
1145.500
1144.700
1145.200
1144.700
1146.000
1145.600
1146.000
1154.100
1145.300
1144.800
1144.900
1145.100
1144.600
1144.700
1144.400
1146.000
1145.500
1147.100
1146.500
1146.400
1145.400
1145.300
1145.600
1146.700
1146.500
1147.000
1146.900
1147.500
1146.800
1147.800
1146.800
1145.900
1144.700
1146.300
1146.400
1145.800
1146.400
1146.400
1147.100
1145.500
1145.300
1145.100
1144.000
1145.200